key 0.0	
3.0	5.0	12.0	1.0	0.0	0.0	0.0
2.0	2.0	2.0	1.0	0.0	0.0	90.0
2.0	2.0	2.0	1.0	0.0	0.0	90.0
2.0	2.0	2.0	1.0	0.0	0.0	90.0
2.0	-2.0	-2.0	1.0	0.0	0.0	90.0

key 4.0	
6.0	0.0	10.0	0.0	1.0	0.0	90.0
2.0	-2.0	-2.0	0.0	1.0	0.0	45.0
2.0	-2.0	-2.0	0.0	1.0	0.0	45.0
2.0	-2.0	-2.0	0.0	1.0	0.0	45.0
-3.0	2.0	2.0	0.0	1.0	0.0	45.0

key 8.0	
9.0	-5.0	8.0	0.0	0.0	1.0	180.0
-2.0	-2.0	2.0	0.0	0.0	1.0	180.0
-2.0	-2.0	2.0	0.0	0.0	1.0	180.0
-2.0	-2.0	2.0	0.0	0.0	1.0	180.0
2.0	2.0	-2.0	0.0	0.0	1.0	180.0

key 12.0	
6.0	0.0	4.0	1.0	0.0	-1.0	90.0
-2.0	2.0	4.0	0.0	1.0	0.0	90.0
-2.0	2.0	4.0	0.0	1.0	0.0	90.0
-2.0	2.0	4.0	0.0	1.0	0.0	90.0
-2.0	-3.0	-4.0	0.0	1.0	0.0	90.0

key 16.0	
3.0	5.0	2.0	-1.0	1.0	0.0	30.0
0.0	3.0	-2.0	1.0	-1.0	0.0	60.0
0.0	3.0	-2.0	1.0	-1.0	0.0	60.0
0.0	3.0	-2.0	1.0	-1.0	0.0	60.0
2.0	-4.0	-2.0	-1.0	-1.0	0.0	60.0

key 18.0	
0.0	0.0	0.0	0.0	0.0	1.0	180.0
0.0	3.0	-2.0	1.0	-1.0	0.0	30.0
0.0	3.0	-2.0	1.0	-1.0	0.0	30.0
0.0	3.0	-2.0	1.0	-1.0	0.0	30.0
3.0	-3.0	2.0	1.0	-1.0	0.0	30.0

key 20.0	
3.0	5.0	12.0	1.0	0.0	0.0	0.0
2.0	2.0	2.0	1.0	0.0	0.0	90.0
2.0	2.0	2.0	1.0	0.0	0.0	90.0
2.0	2.0	2.0	1.0	0.0	0.0	90.0
2.0	-2.0	-2.0	1.0	0.0	0.0	90.0
